1749150045
1749154070
1749163085
1749181851
1749184544
1749187804
1749192012
1749192112
1749194810
1749194860
1749197536
1749198899
1749200962
1749202180
1749204558
1749205957
1749206991
1749208063
1749209036
1749212124
1749216144
1749217961
1749218903
1749222439
1749225273
1749226260
1749229667
1749233502
1749233513
1749236807
1749240606
1749249514
1749268083
1749270786
1749274042
1749278179
1749278222
1749281051
1749281123
1749285112
1749288358
1749292167
1749293268
1749295259
1749304143
1749311672
1749319812
1749335854
1749355000
1749357439
1749357713
1749360532
1749364648
1749364692
1749367455
